Steps: 25	Loss: 559.11774	PPL: 54.25516	bleu: 0.07179	LR: 0.00020000	*
Steps: 50	Loss: 636.35376	PPL: 94.19659	bleu: 0.07179	LR: 0.00020000	
