Steps: 25	Loss: 827.09802	PPL: 367.91174	bleu: 0.07179	LR: 0.00020000	*
Steps: 50	Loss: 819.87866	PPL: 349.42050	bleu: 0.07179	LR: 0.00020000	*
Steps: 75	Loss: 811.57715	PPL: 329.30338	bleu: 0.07179	LR: 0.00020000	*
